=============================================
BENCHMARK - PTHREADS DISTRIBUICAO DINAMICA
=============================================
Data: 2026-09-01 14:34:42
Configuracao: N=100000000 Threads=1 Partition=32
Repeticoes: 30
=============================================

Execucao;Real(s);User(s);Sys(s)
1;2.83;2.12;0.68
2;2.43;1.97;0.43
3;2.31;1.92;0.36
4;2.36;1.98;0.44
5;2.51;2.11;0.43
6;2.39;1.98;0.43
7;2.31;1.94;0.37
8;2.34;1.93;0.40
9;2.35;1.92;0.41
10;2.29;1.89;0.38
11;2.38;1.88;0.48
12;2.35;1.89;0.44
13;2.45;2.03;0.38
14;2.64;2.16;0.45
15;2.44;2.01;0.40
16;2.66;2.16;0.46
17;2.53;2.06;0.47
18;2.44;2.06;0.43
19;2.27;1.93;0.36
20;2.34;1.91;0.44
21;2.37;1.97;0.40
22;2.40;1.98;0.41
23;2.39;1.93;0.45
24;2.36;1.97;0.37
25;2.34;1.91;0.40
26;2.44;1.94;0.47
27;2.40;1.95;0.41
28;2.42;1.99;0.39
29;2.40;1.92;0.45
30;2.34;1.91;0.41

=============================================
MEDIA FINAL
=============================================
Media REAL: 2.416000000 s
Media USER: 1.977333333 s
Media SYS : 0.426666667 s
=============================================
