=============================================
BENCHMARK - PTHREADS DISTRIBUICAO DINAMICA
=============================================
Data: 2026-09-01 14:39:09
Configuracao: N=100000000 Threads=1 Partition=1024
Repeticoes: 30
=============================================

Execucao;Real(s);User(s);Sys(s)
1;1.35;0.86;0.51
2;1.20;0.80;0.41
3;1.40;0.87;0.55
4;1.25;0.82;0.43
5;1.33;0.84;0.49
6;1.24;0.84;0.39
7;1.36;0.88;0.48
8;1.20;0.75;0.45
9;1.27;0.79;0.47
10;1.21;0.82;0.38
11;1.43;0.84;0.58
12;1.22;0.84;0.36
13;1.33;0.79;0.53
14;1.23;0.79;0.42
15;1.32;0.82;0.48
16;1.29;0.85;0.42
17;1.41;0.89;0.50
18;1.25;0.81;0.41
19;1.34;0.86;0.46
20;1.28;0.84;0.41
21;1.39;0.86;0.51
22;1.25;0.78;0.45
23;1.40;0.86;0.51
24;1.52;0.96;0.54
25;1.48;0.81;0.71
26;1.24;0.81;0.45
27;1.25;0.83;0.43
28;1.32;0.83;0.50
29;1.22;0.78;0.44
30;1.29;0.84;0.45

=============================================
MEDIA FINAL
=============================================
Media REAL: 1.309000000 s
Media USER: 0.832000000 s
Media SYS : 0.470666667 s
=============================================
