=============================================
BENCHMARK - PTHREADS DISTRIBUICAO DINAMICA
=============================================
Data: 2026-09-01 14:35:55
Configuracao: N=100000000 Threads=1 Partition=64
Repeticoes: 30
=============================================

Execucao;Real(s);User(s);Sys(s)
1;1.94;1.51;0.48
2;1.87;1.41;0.49
3;2.22;1.54;0.70
4;2.02;1.33;0.70
5;2.19;1.41;0.78
6;1.70;1.32;0.37
7;2.11;1.38;0.71
8;2.07;1.41;0.64
9;2.09;1.42;0.64
10;2.09;1.44;0.62
11;2.07;1.36;0.68
12;2.04;1.41;0.60
13;2.23;1.62;0.58
14;2.32;1.56;0.73
15;1.92;1.45;0.44
16;2.16;1.52;0.69
17;2.08;1.40;0.71
18;2.03;1.40;0.65
19;2.08;1.37;0.71
20;2.12;1.39;0.74
21;2.05;1.38;0.67
22;2.07;1.40;0.65
23;2.04;1.34;0.68
24;2.09;1.37;0.69
25;2.00;1.40;0.58
26;2.02;1.42;0.58
27;1.95;1.26;0.66
28;1.98;1.36;0.59
29;1.97;1.37;0.57
30;1.76;1.35;0.39

=============================================
MEDIA FINAL
=============================================
Media REAL: 2.042666667 s
Media USER: 1.410000000 s
Media SYS : 0.624000000 s
=============================================
