=============================================
BENCHMARK - PTHREADS DISTRIBUICAO DINAMICA
=============================================
Data: 2026-09-01 14:38:28
Configuracao: N=100000000 Threads=1 Partition=512
Repeticoes: 30
=============================================

Execucao;Real(s);User(s);Sys(s)
1;1.31;0.85;0.43
2;1.48;0.88;0.58
3;1.24;0.83;0.39
4;1.38;0.86;0.50
5;1.29;0.84;0.42
6;1.30;0.82;0.49
7;1.18;0.79;0.42
8;1.26;0.90;0.38
9;1.21;0.81;0.41
10;1.27;0.81;0.47
11;1.24;0.84;0.40
12;1.30;0.86;0.45
13;1.24;0.79;0.45
14;1.34;0.86;0.47
15;1.61;0.97;0.63
16;1.48;0.88;0.59
17;1.23;0.84;0.38
18;1.23;0.80;0.42
19;1.32;0.82;0.49
20;1.24;0.82;0.40
21;1.34;0.89;0.43
22;1.28;0.87;0.39
23;1.36;0.77;0.58
24;1.30;0.86;0.42
25;1.53;1.04;0.47
26;1.28;0.84;0.42
27;1.40;0.89;0.48
28;1.29;0.85;0.41
29;1.44;0.94;0.47
30;1.26;0.87;0.41

=============================================
MEDIA FINAL
=============================================
Media REAL: 1.321000000 s
Media USER: 0.856333333 s
Media SYS : 0.455000000 s
=============================================
