=============================================
BENCHMARK - PTHREADS DISTRIBUICAO DINAMICA
=============================================
Data: 2026-09-01 14:36:57
Configuracao: N=100000000 Threads=1 Partition=128
Repeticoes: 30
=============================================

Execucao;Real(s);User(s);Sys(s)
1;1.77;1.13;0.64
2;1.70;1.11;0.63
3;1.62;1.15;0.50
4;1.60;1.07;0.54
5;1.45;0.95;0.51
6;1.37;0.97;0.40
7;1.53;0.96;0.57
8;1.42;1.05;0.36
9;1.53;0.98;0.53
10;1.40;1.01;0.37
11;1.55;1.04;0.50
12;1.45;1.09;0.35
13;1.52;0.96;0.54
14;1.42;1.03;0.37
15;1.66;1.10;0.54
16;1.52;1.06;0.44
17;1.78;1.14;0.61
18;1.49;1.05;0.42
19;1.74;1.12;0.59
20;1.53;1.09;0.41
21;1.67;1.02;0.63
22;1.53;1.06;0.47
23;1.33;0.92;0.44
24;1.59;1.13;0.49
25;1.56;1.02;0.57
26;1.62;1.07;0.56
27;1.45;1.00;0.45
28;1.43;1.02;0.41
29;1.57;1.02;0.54
30;1.38;0.92;0.45

=============================================
MEDIA FINAL
=============================================
Media REAL: 1.539333333 s
Media USER: 1.041333333 s
Media SYS : 0.494333333 s
=============================================
