=============================================
BENCHMARK - PTHREADS DISTRIBUICAO DINAMICA
=============================================
Data: 2026-09-01 14:37:44
Configuracao: N=100000000 Threads=1 Partition=256
Repeticoes: 30
=============================================

Execucao;Real(s);User(s);Sys(s)
1;1.59;0.99;0.59
2;1.27;0.84;0.41
3;1.37;0.85;0.50
4;1.25;0.86;0.37
5;1.38;0.86;0.49
6;1.27;0.83;0.42
7;1.34;0.85;0.47
8;1.29;0.87;0.40
9;1.55;1.02;0.50
10;1.36;0.92;0.42
11;1.71;1.08;0.61
12;1.58;0.97;0.58
13;1.55;0.91;0.62
14;1.40;0.89;0.54
15;1.56;1.07;0.53
16;1.60;0.91;0.71
17;1.32;0.89;0.44
18;1.26;0.86;0.40
19;1.43;0.94;0.49
20;1.26;0.87;0.38
21;1.39;0.96;0.43
22;1.37;0.94;0.42
23;1.60;0.94;0.64
24;1.49;1.05;0.42
25;1.66;1.04;0.60
26;1.36;0.94;0.40
27;1.55;0.94;0.59
28;1.36;0.91;0.43
29;1.34;0.91;0.41
30;1.52;0.91;0.59

=============================================
MEDIA FINAL
=============================================
Media REAL: 1.432666667 s
Media USER: 0.927333333 s
Media SYS : 0.493333333 s
=============================================
