=============================================
BENCHMARK - DISTRIBUICAO SEQUENCIAL
=============================================
Data: 2026-09-01 14:30:18
Configuracao: N=100000000
Repeticoes: 30
=============================================

Resultados individuais:
Execucao;Real(s);User(s);Sys(s)
1;1.74;0.97;0.75
2;1.74;0.90;0.82
3;1.32;0.79;0.51
4;1.15;0.72;0.42
5;1.19;0.73;0.45
6;1.16;0.72;0.42
7;1.22;0.74;0.46
8;1.14;0.70;0.42
9;1.20;0.78;0.40
10;1.15;0.76;0.37
11;1.12;0.72;0.43
12;1.11;0.74;0.39
13;1.10;0.74;0.38
14;1.12;0.73;0.40
15;1.16;0.74;0.42
16;1.14;0.73;0.41
17;1.17;0.74;0.43
18;1.13;0.80;0.33
19;1.16;0.76;0.39
20;1.15;0.71;0.44
21;1.16;0.72;0.43
22;1.18;0.70;0.47
23;1.19;0.70;0.47
24;1.14;0.71;0.42
25;1.19;0.72;0.44
26;1.14;0.78;0.35
27;1.16;0.70;0.45
28;1.15;0.74;0.40
29;1.19;0.75;0.43
30;1.17;0.72;0.43

=============================================
MEDIA FINAL
=============================================
Media REAL: 1.201333333 s
Media USER: 0.748666667 s
Media SYS : 0.444333333 s
=============================================
