=============================================
BENCHMARK - PTHREADS DISTRIBUICAO ESTATICA
=============================================
Data: 2026-09-01 14:32:32
Configuracao: N=100000000 Threads=4
Repeticoes: 30
=============================================

Execucao;Real(s);User(s);Sys(s)
1;0.87;0.73;0.43
2;0.94;0.84;0.43
3;1.22;0.88;0.73
4;0.92;0.78;0.42
5;1.20;0.93;0.74
6;1.03;0.77;0.63
7;0.91;0.79;0.42
8;0.91;0.75;0.45
9;1.15;0.73;0.91
10;0.85;0.76;0.42
11;1.07;0.85;0.69
12;0.87;0.70;0.49
13;1.07;0.81;0.75
14;0.87;0.72;0.48
15;0.92;0.78;0.45
16;1.11;0.77;0.76
17;0.93;0.76;0.49
18;1.34;1.04;0.83
19;1.43;0.99;1.16
20;0.96;0.78;0.51
21;0.95;0.78;0.56
22;0.94;0.72;0.52
23;0.94;0.86;0.38
24;1.30;0.88;0.92
25;0.98;0.83;0.48
26;0.98;0.86;0.50
27;0.93;0.78;0.44
28;1.24;0.86;0.85
29;0.92;0.79;0.44
30;1.21;0.73;0.95

=============================================
MEDIA FINAL
=============================================
Media REAL: 1.032000000 s
Media USER: 0.808333333 s
Media SYS : 0.607666667 s
=============================================
