=============================================
BENCHMARK - PTHREADS DISTRIBUICAO ESTATICA
=============================================
Data: 2026-09-01 14:33:33
Configuracao: N=100000000 Threads=16
Repeticoes: 30
=============================================

Execucao;Real(s);User(s);Sys(s)
1;1.13;0.83;1.29
2;0.81;0.82;0.46
3;1.07;0.81;1.27
4;0.82;0.79;0.50
5;0.85;0.86;0.61
6;0.83;0.78;0.53
7;0.83;0.80;0.50
8;1.10;0.89;1.13
9;0.84;0.85;0.47
10;0.90;0.78;1.11
11;0.84;0.81;0.52
12;0.82;0.75;0.54
13;1.14;0.82;1.32
14;0.81;0.79;0.50
15;0.91;0.79;1.12
16;0.80;0.79;0.54
17;0.80;0.83;0.48
18;1.09;1.05;0.92
19;1.23;1.02;1.15
20;1.03;1.02;0.99
21;0.82;0.85;0.45
22;0.80;0.76;0.52
23;1.02;0.89;1.02
24;0.81;0.81;0.49
25;0.81;0.79;0.51
26;1.08;0.81;1.23
27;0.83;0.80;0.51
28;0.81;0.78;0.51
29;1.10;0.85;1.27
30;0.86;0.75;0.67

=============================================
MEDIA FINAL
=============================================
Media REAL: 0.919666667 s
Media USER: 0.832333333 s
Media SYS : 0.771000000 s
=============================================
