=============================================
BENCHMARK - PTHREADS DISTRIBUICAO ESTATICA
=============================================
Data: 2026-09-01 14:32:01
Configuracao: N=100000000 Threads=2
Repeticoes: 30
=============================================

Execucao;Real(s);User(s);Sys(s)
1;0.98;0.73;0.42
2;0.93;0.66;0.44
3;0.95;0.69;0.43
4;0.96;0.76;0.39
5;1.35;0.80;0.81
6;0.99;0.69;0.47
7;1.04;0.78;0.46
8;1.00;0.73;0.48
9;0.97;0.74;0.45
10;0.97;0.76;0.42
11;1.24;0.79;0.75
12;1.00;0.70;0.50
13;1.04;0.82;0.44
14;1.02;0.74;0.48
15;0.98;0.71;0.47
16;1.00;0.71;0.48
17;0.97;0.69;0.47
18;1.00;0.79;0.40
19;0.98;0.75;0.42
20;1.05;0.77;0.46
21;0.98;0.74;0.43
22;1.04;0.84;0.40
23;1.02;0.72;0.48
24;1.01;0.73;0.45
25;1.00;0.74;0.44
26;0.99;0.75;0.42
27;0.99;0.72;0.45
28;1.01;0.73;0.46
29;1.00;0.72;0.45
30;1.01;0.71;0.48

=============================================
MEDIA FINAL
=============================================
Media REAL: 1.015666667 s
Media USER: 0.740333333 s
Media SYS : 0.470000000 s
=============================================
