=============================================
BENCHMARK - PTHREADS DISTRIBUICAO ESTATICA
=============================================
Data: 2026-09-01 14:31:24
Configuracao: N=100000000 Threads=1
Repeticoes: 30
=============================================

Execucao;Real(s);User(s);Sys(s)
1;1.50;0.77;0.72
2;1.65;0.87;0.75
3;1.31;0.78;0.52
4;1.45;0.78;0.65
5;1.17;0.77;0.38
6;1.21;0.73;0.45
7;1.08;0.69;0.38
8;1.09;0.70;0.37
9;1.14;0.62;0.50
10;1.12;0.73;0.39
11;1.11;0.67;0.47
12;1.08;0.74;0.36
13;1.11;0.71;0.42
14;1.10;0.70;0.41
15;1.09;0.72;0.37
16;1.06;0.64;0.42
17;1.13;0.71;0.42
18;1.22;0.76;0.46
19;1.20;0.71;0.47
20;1.16;0.74;0.41
21;1.11;0.69;0.41
22;1.13;0.70;0.42
23;1.16;0.69;0.46
24;1.18;0.71;0.46
25;1.20;0.79;0.39
26;1.19;0.73;0.44
27;1.19;0.72;0.45
28;1.21;0.75;0.45
29;1.27;0.77;0.48
30;1.23;0.68;0.52

=============================================
MEDIA FINAL
=============================================
Media REAL: 1.195000000 s
Media USER: 0.725666667 s
Media SYS : 0.460000000 s
=============================================
