=============================================
BENCHMARK - PTHREADS DISTRIBUICAO ESTATICA
=============================================
Data: 2026-09-01 14:33:04
Configuracao: N=100000000 Threads=8
Repeticoes: 30
=============================================

Execucao;Real(s);User(s);Sys(s)
1;0.86;0.78;0.49
2;0.82;0.75;0.48
3;0.83;0.80;0.45
4;1.15;0.80;1.08
5;0.83;0.75;0.50
6;0.83;0.81;0.43
7;1.18;0.92;1.12
8;0.85;0.80;0.46
9;0.84;0.75;0.51
10;1.14;0.82;1.06
11;0.81;0.79;0.46
12;1.01;0.75;1.04
13;0.81;0.82;0.45
14;0.84;0.79;0.52
15;1.16;1.02;0.89
16;1.20;0.95;1.01
17;0.88;0.79;0.62
18;0.82;0.73;0.51
19;0.85;0.80;0.56
20;1.09;0.83;0.96
21;0.84;0.83;0.40
22;0.82;0.78;0.48
23;1.11;0.83;1.00
24;0.84;0.82;0.43
25;0.82;0.79;0.47
26;1.12;0.84;1.02
27;0.86;0.83;0.44
28;0.97;0.72;0.97
29;0.86;0.77;0.51
30;0.82;0.79;0.44

=============================================
MEDIA FINAL
=============================================
Media REAL: 0.928666667 s
Media USER: 0.808333333 s
Media SYS : 0.658666667 s
=============================================
